       10614
       44330
       42337
       51047
       41717
       19017
       13210
       34451
       42616
        8295
       40500
       27878
       42602
       19372
        9355
       34096
       13342
       41017
        4155
       51169
       65448
        6125
       60008
       20145
       53322
       40310
       36895
       26333
       37517
       38506
        4487
       28162
       46737
       64842
       50912
       39642
       25321
        5355
        5849
       61284
       30338
       57812
       32140
       37346
        9821
       38471
       10840
       60718
        8856
       45379
        3824
       23329
       65001
       63937
       60837
       24236
       26678
       35272
       29601
       31307
       23819
       43849
       31481
       14322
       62065
       49833
       17143
       38376
       24240
       53336
       56369
       16236
       64990
       24583
       29068
       29132
       26299
       28517
       34757
       52553
        6079
       21798
        9692
       42576
       64427
       19066
       39056
       24333
       21107
       42661
       16444
       52387
       13197
       33825
       42541
       43242
        9747
       59998
       16165
       62801
       37975
       37656
       63866
       43301
       43682
       46090
       27810
       24712
       16596
       45907
       23134
       61302
       17016
       40352
       24961
       26135
       11396
       24495
       10494
       60668
       47003
       17789
        8390
       58657
        2462
       40090
       34558
       47942
       34412
       48900
       59970
       10373
       27985
       23517
       21921
       35857
       28798
        8637
       63199
        3577
       26206
       55332
       38168
       58094
       34845
       48974
       23160
       39987
       54360
       38313
